2358858
2358893
2358605
2358896
2358603
2357728
2358604
2358895
2358872
2358831
2358857
2358894
2358842
2358871
2358693
2357727
2358868
2358856
2358841
2358826
2358870
2358825
2358824
2358692
2357726
2358823
2358867
2358482
2358822
2358869
2358481
2358875
2358840
2358880
2358881
2358874
2358838
2358800
2358878
2358877
2358879
2358876
2358839
2358837
2358862
2357871
2357701
2358536
2358497
2357870
2358500
2358511
2358505
2357869
2358463
2358496
2358530
2358462
2358529
2357700
2358501
2358461
2358342
2357699
2358460
2358341
2358340
2358339
2358338
2358168
2358337
2358336
2358167
2358493
2358166
2358163
2358165
2358164
2358045
2358459
2359155
2359172
2359140
2359199
2359154
2357750
2359193
2359102
2357752
2359185
2359201
2357751
2359171
2359158
2359127
2359184
2359198
2359192
2359188
2359189
2359187
2359110
2359101
2359183
2359200
2359181
2359100
2359109
2359179
2359164
2359191
2359190
2359178
2359186
2359168
2359163
2359170
2359167
2359047
2359105
2359138
2359078
2359123
2359088
2359104
2357746
2359130
2359117
2359083
2359113
2359114
2359103
2359122
2359057
2359129
2359081
2359082
2359073
2358955
2359116
2359096
2359072
2359046
2357745
2359045
2358954
2359095
2359094
2359007
2359115
2359058
2357744
2359065
2359064
2359090
2359093
2359091
2359044
2359092
2359002
2358906
2359087
2359121
2358802
2358873
2359043
2358794
2359086
2358325
2359212
2358307
2359207
2358326
2359144
2359143
2359220
2359221
2359136
2359135
2358574
2358573
2359215
2359394
2358440
2358439
2358376
2358375
2358438
2359334
2358437
2358436
2358435
2358373
2358434
2358433
2358374
2359333
2358432
2358253
2358252
2359436
2359531
2359409
2359408
2359435
2359433
2359348
2359434
2359407
2359406
2359397
2358384
2358188
2358051
2357992
2357656
2357990
2357989
2357991
2357964
2357653
2358050
2357650
2357977
2357647
2357979
2357978
2357984
2357976
2357985
2357986
2357644
2357983
2357963
2357641
2358049
2358048
2359309
2358331
2359244
2359290
2359305
2359307
2359308
2359257
2359243
2359289
2358332
2359256
2359242
2359254
2359288
2359286
2359253
2359255
2359241
2359281
2357818
2359282
2359261
2359278
2359262
2359276
2359228
2358474
2357811
2357812
2358455
2358473
2358486
2358297
2358298
2358485
2358472
2358454
2358264
2358483
2358471
2358453
2358263
2358385
2358247
2358234
2358238
2357659
2358237
2358233
2357660
2358236
2358083
2357658
2358232
2358081
2358231
2358197
2358198
2359680
2359681
2359560
2358386
2358292
2358277
2358295
2358296
2358293
2358276
2358290
2358262
2358275
2358261
2358199
2358294
2357669
2358154
2358279
2359637
2358308
2359594
2359401
2359629
2359466
2359621
2359617
2359548
2359376
2359465
2359534
2359620
2359547
2359464
2359400
2359593
2359463
2359619
2359546
2359462
2359616
2359461
2359592
2359545
2359438
2359544
2359618
2359591
2359607
2359543
2359605
2359604
2359603
2359379
2359647
2359654
2358310
2359472
2359625
2359630
2359669
2359471
2359369
2359646
2359403
2359666
2359378
2359446
2359624
2359571
2359552
2359475
2359642
2359668
2359402
2359667
2359623
2359665
2359467
2359645
2359551
2359652
2359641
2359655
2359644
2359550
2359653
2359656
2359622
2359631
2359632
2359639
2359640
2359549
2359535
2359638
2359377
2358395
2358402
2358399
2358396
2358397
2358401
2358398
2358400
2358389
2358394
2358387
2358388
2359223
2358391
2358390
2359222
2358393
2358392
2358941
2358946
2358937
2358902
2358586
2358922
2357734
2358958
2358899
2358912
2357733
2358939
2358828
2358900
2358919
2358585
2358913
2358920
2357732
2358898
2358827
2358938
2358926
2358897
2358925
2358803
2358892
2358808
2358888
2358571
2358889
2358936
2358916
2358935
2359538
2359420
2359576
2359578
2359579
2359577
2359454
2359539
2359563
2359570
2359453
2359452
2359537
2359419
2359569
2359557
2359451
2359562
2359450
2359421
2359352
2359449
2359556
2359542
2359437
2359359
2359351
2359561
2359414
2359541
2359355
2359370
2358220
2358153
2358291
2358278
2358149
2358274
2358150
2358287
2358289
2357668
2358151
2358152
2358208
2358147
2358219
2358273
2358148
2358271
2358226
2358288
2358214
2357667
2358272
2358270
2358207
2358225
2358213
2358258
2358118
2358144
2358117
2358193
2358192
2358041
2358040
2358038
2358039
2357862
2358194
2357861
2358068
2358054
2358056
2358057
2358067
2358055
2357860
2358005
2358003
2358006
2358004
2357999
2357996
2358001
2358000
2357997
2357998
2357995
2357975
2358002
2358191
2358036
2359219
2359214
2359218
2359196
2359151
2358306
2359211
2359152
2359150
2358305
2359126
2359142
2359013
2359141
2359012
2359137
2359216
2359202
2359175
2359217
2358801
2359194
2359089
2359197
2359195
2359111
2359274
2359258
2359266
2359206
2359264
2357817
2359268
2359226
2359240
2359245
2359205
2358328
2359238
2359246
2359252
2359239
2359250
2359146
2359251
2359237
2359204
2359249
2359145
2359203
2359232
2359235
2359134
2359236
2359231
2359230
2359133
2358806
2359229
2359225
2359213
2358230
2358102
2358229
2358100
2358101
2358098
2358099
2358097
2358096
2358228
2358078
2358227
2358076
2358196
2358202
2358093
2358092
2358201
2358552
2357704
2358551
2358545
2358466
2358537
2358543
2358516
2358542
2358532
2358521
2358550
2358467
2358544
2358520
2358509
2358517
2357703
2358531
2358513
2358534
2358519
2358465
2358512
2358518
2357702
2358464
2358345
2358344
2358343
2358541
2358540
2358169
2357872
2358535
2358510
2357971
2357965
2357970
2357827
2357826
2357912
2357911
2357969
2357909
2357910
2357927
2357968
2357955
2357953
2357946
2357949
2357944
2357778
2357951
2357950
2357947
2357945
2357948
2357938
2357895
2357929
2357933
2357942
2357930
2357931
2357932
2357941
2357934
2357928
2357936
2357943
2357940
2357939
2357935
2357937
2357896
2357777
2357884
2357823
2357883
2357890
2357889
2357877
2357822
2357878
2357917
2357915
2357920
2357919
2357918
2357916
2357914
2357913
2357776
2357775
2358301
2358562
2358583
2358587
2358589
2358561
2358588
2358526
2358525
2358577
2358184
2359321
2359363
2359353
2359343
2359368
2358335
2357698
2358507
2358502
2358044
2358506
2358458
2358495
2357697
2358503
2358504
2358494
2358457
2358499
2358268
2357696
2358498
2358456
2358267
2358157
2358155
2358161
2358162
2358159
2358158
2358160
2358156
2358492
2358043
2358259
2358217
2358143
2358146
2358218
2358145
2358138
2358269
2358137
2358136
2358135
2357665
2358251
2358142
2358139
2358140
2358126
2358141
2358224
2358124
2358187
2358133
2358120
2358123
2358122
2358119
2358129
2358128
2358132
2358215
2358127
2358130
2358125
2358121
2358131
2358134
2358223
2358206
2357666
2358257
2358250
2358205
2358216
2358260
2358221
2358243
2358249
2357664
2358186
2358211
2358212
2358204
2358222
2358203
2358248
2358209
2358210
2358235
2358116
2358115
2358111
2358113
2358114
2358112
2358108
2358104
2358107
2358106
2358109
2358110
2358103
2358105
2358890
2358910
2358934
2358931
2358917
2358909
2358911
2358918
2358915
2358929
2357731
2358908
2358928
2358930
2358844
2358863
2358864
2357730
2358843
2358865
2358866
2357729
2358887
2358882
2358576
2358807
2358286
2358884
2358886
2358885
2358285
2358905
2358859
2358883
2358606
2358832
2358891
2359314
2359315
2358334
2359326
2359318
2359330
2359317
2359329
2359316
2358333
2359311
2359310
2359312
2359313
2359304
2359287
2359306
2359303
2359324
2359293
2359295
2359291
2359292
2359294
2359031
2359028
2359017
2358992
2357815
2359027
2359037
2359020
2359030
2358990
2359026
2358980
2358991
2358979
2358989
2359009
2359008
2358805
2358998
2358804
2358996
2359001
2358976
2358997
2358195
2358995
2358940
2358975
2358949
2357735
2357737
2358924
2358964
2358972
2358959
2357736
2358904
2358829
2358960
2358969
2358903
2358923
2358962
2358927
2358961
2358901
2358951
2358950
2358944
2358932
2358914
2358943
2358945
2358942
2358933
2358921
2358765
2358780
2358779
2358775
2357720
2357722
2357721
2358699
2358716
2358766
2358773
2358774
2358753
2358752
2358755
2358763
2358771
2358756
2358698
2358764
2358714
2358727
2358715
2358721
2358713
2358711
2358673
2358672
2358671
2358670
2358669
2358760
2358697
2358744
2358758
2358759
2358743
2358757
2358754
2358750
2358751
2358739
2358749
2358734
2358696
2358747
2358748
2358745
2358746
2358738
2358740
2358742
2358741
2358733
2358735
2358737
2358736
2358729
2358726
2358788
2358784
2358810
2358783
2358787
2358772
2358768
2358777
2358786
2358687
2358776
2358767
2358476
2358686
2358475
2358782
2358701
2358785
2358778
2358781
2358700
2358762
2358761
2359367
2358452
2359425
2359432
2359395
2358383
2358451
2359423
2359365
2359424
2359431
2358382
2358450
2359422
2359366
2358256
2358363
2358364
2358361
2358417
2358362
2359319
2358418
2358359
2358360
2358415
2358358
2358416
2358409
2358357
2358410
2358407
2358408
2358351
2358354
2358356
2358413
2358414
2358353
2358411
2358412
2358352
2358355
2359374
2358405
2358406
2358350
2358349
2358404
2358403
2359373
2359296
2358329
2359227
2359277
2359279
2359280
2359284
2359209
2359285
2359247
2359259
2359224
2359248
2359271
2358330
2359269
2359265
2359267
2359208
2359210
2359148
2359283
2359270
2359015
2359147
2359014
2359233
2359273
2359275
2359234
2358568
2358284
2359260
2359272
2358327
2358725
2358728
2358723
2358695
2358731
2358722
2358724
2358730
2357719
2358702
2358708
2358707
2358704
2358712
2358709
2358706
2358694
2358705
2358703
2358710
2357718
2358681
2357717
2358680
2358601
2358602
2358668
2358667
2358666
2358665
2358664
2358684
2358685
2358682
2358662
2358683
2358654
2358677
2357716
2358661
2358638
2358676
2358679
2358675
2358678
2358653
2358674
2357715
2358639
2358652
2358636
2358635
2358633
2358634
2358632
2358640
2358658
2358650
2358649
2358637
2358651
2358630
2357714
2358660
2358659
2358657
2358656
2358655
2358646
2358648
2358647
2358620
2358644
2358645
2358643
2358612
2358642
2358624
2358618
2358628
2358641
2358631
2358629
2358616
2358626
2358627
2358625
2358615
2358623
2358094
2358095
2358200
2358085
2357867
2358090
2358089
2358086
2358087
2358091
2358084
2358088
2358062
2358077
2358061
2358080
2358074
2358063
2358079
2358060
2358066
2358082
2358065
2358064
2358070
2358072
2357866
2358075
2358073
2358071
2358058
2357863
2357865
2358069
2358059
2357864
2358009
2358008
2358007
2359080
2359042
2359075
2359059
2359085
2359079
2357743
2359056
2359071
2359112
2358907
2359060
2359041
2359055
2359076
2359070
2357742
2358984
2359054
2359006
2359011
2357741
2358983
2359010
2359053
2359032
2359035
2359036
2359077
2359084
2359034
2359033
2359063
2359062
2359074
2359061
2359069
2359040
2359068
2357740
2359021
2357662
2358241
2357663
2358246
2358242
2358240
2357661
2358245
2358244
2358239
2358974
2358988
2358973
2358987
2358978
2358986
2358977
2358985
2358953
2358993
2358948
2358966
2358570
2358947
2358970
2358994
2358968
2358967
2358952
2358963
2358965
2358971
2359602
2359598
2359442
2359597
2359460
2359568
2359586
2359590
2359596
2359595
2359582
2359600
2359459
2359458
2359589
2359567
2359457
2359585
2359599
2359456
2359581
2359588
2359455
2359358
2359566
2359584
2359601
2359587
2359357
2359565
2359583
2359580
2359606
2359574
2359573
2359572
2359575
2359536
2359564
2359157
2359156
2359166
2359120
2357749
2359128
2359169
2359108
2359153
2359119
2359099
2357748
2359182
2359165
2359098
2359097
2359180
2359107
2359067
2357747
2359118
2359106
2359066
2358957
2359177
2359176
2358956
2359174
2359173
2359162
2358569
2359161
2359160
2358572
2359132
2359131
2359048
2359149
2359125
2359139
2359124
2357774
2357893
2357891
2357892
2357894
2357773
2357885
2357821
2357886
2357887
2357888
2357882
2358491
2358299
2358487
2358042
2358300
2357695
2358490
2358484
2357694
2358266
2357693
2358265
2358281
2358283
2358280
2358282
2358489
2358488
2358622
2358614
2358619
2358621
2358611
2357713
2358567
2358592
2358610
2358566
2357712
2358609
2358607
2357711
2358608
2358575
2358613
2358599
2358598
2357705
2358548
2358539
2357707
2357706
2358538
2358557
2358581
2358470
2358546
2358508
2358514
2358556
2358469
2358515
2358468
2358348
2358347
2358176
2358170
2358174
2358177
2358171
2358172
2358173
2358175
2358346
2358547
2358522
2357814
2358565
2357710
2358591
2357813
2357709
2358564
2358590
2358563
2358528
2358600
2357708
2358527
2358597
2358595
2358596
2358594
2357655
2358047
2357652
2357649
2357646
2358046
2357643
2357640
2357974
2357973
2357972
2358381
2358447
2358449
2359430
2358448
2358380
2359399
2358444
2358446
2358445
2358379
2358443
2358441
2359398
2358442
2358255
2358254
2359396
2358378
2358377
2359347
2359532
2359429
2359417
2359540
2359413
2359533
2359412
2359350
2359416
2359427
2359411
2359426
2359415
2359428
2359349
2359375
2359410
2359418
2359372
2358836
2358791
2358303
2358302
2358720
2358770
2358719
2358790
2358816
2358718
2358689
2358815
2358769
2358814
2358717
2358478
2358813
2358830
2358812
2358688
2358477
2358789
2358811
2357908
2357967
2357962
2357960
2357961
2357966
2357956
2357957
2357959
2357958
2357825
2357824
2357780
2357907
2357926
2357906
2357905
2357925
2357901
2357904
2357779
2357899
2357903
2357902
2357897
2357898
2357900
2357922
2357923
2357954
2357921
2357924
2357952
2359670
2359682
2359674
2359478
2359651
2359441
2359559
2359555
2359476
2359650
2359673
2359405
2359447
2359678
2359558
2359474
2359553
2359649
2359643
2359473
2359404
2359679
2359448
2359672
2359648
2359554
2359671
2358371
2358309
2358431
2358372
2358369
2358426
2358370
2358423
2358425
2358424
2358367
2358368
2358430
2358429
2358366
2358365
2358427
2358422
2358428
2358420
2358421
2358419
2359263
2359371
2359022
2359038
2357816
2359052
2359019
2359029
2359025
2359024
2357739
2359023
2359051
2358982
2359016
2359050
2357738
2358981
2359049
2359004
2358809
2359005
2359000
2359003
2358999
2359039
2359018
2358035
2358034
2358037
2358190
2358031
2358027
2358030
2358029
2358033
2358189
2358026
2358032
2357657
2358028
2357994
2358019
2358021
2358010
2358013
2358014
2358016
2358011
2357993
2358015
2358017
2358022
2358020
2358025
2358012
2357654
2358024
2358023
2358018
2357651
2357987
2357648
2357988
2357981
2357645
2357980
2357642
2358053
2358052
2358185
2358560
2358554
2358533
2358555
2358559
2358558
2358553
2358524
2358584
2358579
2358523
2358182
2358183
2358578
2358549
2358181
2358180
2358179
2358580
2358178
2358582
2358861
2358855
2358304
2357725
2358851
2358852
2358854
2358860
2357724
2358848
2358821
2358846
2358853
2358691
2358820
2358850
2358819
2358847
2357723
2358690
2358818
2358480
2358849
2358817
2358479
2358799
2358834
2358795
2358792
2358796
2358797
2358798
2358835
2358833
2358845
2358793
2359340
2359302
2359328
2359320
2359364
2359327
2359339
2359301
2359159
2359354
2359338
2359346
2359325
2359336
2359345
2359344
2359335
2359337
2359342
2359341
2359323
2359331
2359322
2359332